131
58
182
97
71
100
131
131
9
75
195
137
85
37
101
111
54
106
66
42
95
49
79
84
76
139
163
49
95
159
152
187
173
84
45
129
72
167
108
123
142
114
123
28
95
61
44
110
90
48
70
183
154
68
72
12
154
163
46
5
162
112
61
12
51
112
161
136
98
131
163
29
196
146
63
80
107
67
109
79
39
141
136
159
160
171
14
46
55
140
89
26
3
130
177
100
1
182
117
199
107
3
161
3
21
9
197
85
18
121
15
189
100
128
24
6
68
33
87
2
147
54
100
146
68
119
88
76
56
92
186
73
13
75
176
105
58
71
6
116
30
88
119
23
101
31
106
23
6
24
192
43
40
25
3
94
155
77
74
146
135
161
182
105
37
80
171
191
27
117
34
66
54
30
154
107
128
36
192
35
161
4
12
63
190
117
75
91
59
88
171
133
188
182
124
169
200
173
196
25
179